State,Year,Total Funding Received,"Agriculture, Forestry, Fishing and Hunting","Mining, Quarrying, and Oil and Gas Extraction",Utilities,Construction,Manufacturing,Wholesale Trade,Retail Trade,Transportation and Warehousing,Information,Finance and Insurance,Real Estate and Rental and Leasing,"Professional, Scientific, and Technical Services",Administrative and Support and Waste Management and Remediation Services,Educational Services,Health Care and Social Assistance,"Arts, Entertainment, and Recreation",Accommodation and Food Services,Other Services (except Public Administration),Public Administration (not covered in economic census)
Alaska,2017,4382596.0,0.07949626203282256,0.21548871947129053,3.756244016103697,20.944298767214683,7.688684971190591,0.7121578169651046,0.012344281790975029,4.949669100231917,0.8169130807402735,0.049879112745048824,0.18865530840625055,18.24124331788739,36.96642355352855,3.885299945511747,0.4506005116602123,0.021311569672404208,0.3765348209143622,0.3818741220956711,0.26288072183701167
Alabama,2017,12104077.0,0.03612832271308254,0.012301640182890441,0.1860777984145342,21.041472224606633,29.20068172071278,0.18875458244358492,0.009492669288207602,4.230054055340196,0.3073757709902209,0.5660489436741025,0.010533640855060655,39.708380903393135,2.4233652842757034,0.4859106563846215,1.0560987012888303,0.0018754011561558969,0.17622161524583824,0.32933531404335914,0.02989075499106623
Arkansas,2017,574662.0,1.6096418416390854,0.058295136967469574,1.3996053332219636,21.648029624370498,35.37749146454786,2.380181741615071,0.14269257406962702,5.752946949685206,0.9226293020941005,0.0,0.04959437025590695,8.106156314494434,17.26023297172947,0.6170583751840212,3.5245065795197874,0.020359794105056537,0.2850371174707915,0.5077767452867946,0.337763763742861
Arizona,2017,14743800.0,0.0989500671468685,0.007921973982284078,0.30411427176168965,2.8546168558987506,57.44401036367829,0.1288745099635101,0.017878701555908247,2.750790162644637,2.088911949429591,0.022721415103297657,0.11247439601730898,12.765596386277622,1.073244346776272,1.2258576486387498,18.512330606763523,0.006972422306325371,0.1764131363691857,0.37101018733298063,0.0373105983532061
California,2017,59596506.0,0.2991752570192622,0.08456703820858223,0.29600560811400584,5.654234159297862,47.21294231577938,0.26840499676272966,0.08470798606884772,2.3609991498494893,1.1808712410086593,4.677279235128315,0.1157165153272576,27.047493354727877,4.694990004950961,1.0286290944640277,4.120197918985385,0.0072554589022383285,0.11450671285997874,0.5845745386482892,0.16744941389684825
Colorado,2017,10280514.0,0.1325031024713356,0.0061572796846539,0.3799323652494418,6.840231918365171,16.515545818039836,0.21121512017784325,0.015563424163422178,18.633397123918126,5.309627514733213,0.05542524430198724,0.028344886257632644,37.199122534145665,6.013366646842755,0.7347881633155696,5.592405204642492,0.02004763575050819,0.07343018063104627,2.175523519543867,0.06337231776543469
Connecticut,2017,13323656.0,0.0003227342405117634,0.000375272372688097,0.02034726804714862,0.5255164198175035,77.27183139522666,0.040657008857028436,0.012233879349631962,3.6943463565856103,0.08993777683842932,0.06128948390742001,0.12274408765882278,17.08013175963114,0.5780620574412909,0.06457686989216774,0.1923120801077422,0.005118715163465643,0.047411911565414175,0.1769484291698915,0.015836494127437695
Delaware,2017,434544.0,0.021171618984498694,0.6873872381162782,0.16361979454324532,4.216373946021577,18.787970838396113,0.15073272211789832,0.03014654442357966,11.356502448543761,0.8583710740454361,39.63948414890092,0.8404212231672741,8.06937847490703,9.39927832394418,2.309087227070216,0.7435380536838617,0.06305460436687654,1.250736404138591,1.4111344305754998,0.0016108840531683787
Florida,2017,20125238.0,0.05129380333290966,0.00359250409858507,0.24315240396163268,7.531478633942118,48.33313275599524,1.310314938884201,0.07207865069719921,5.089152237603352,0.6636095434001824,0.3639012865338537,0.5448879660454202,21.580882670803696,8.264329594512125,1.6497693095604633,2.4683683243895054,0.16832099078778598,0.2735122933701455,0.9330374130233888,0.45518467905820537
Georgia,2017,6651043.0,0.04471479134926657,0.4218436115959557,1.2804908944356546,6.164085843378249,38.36831306007193,4.5727865539284585,0.5297514991257762,7.52378236015013,2.204436206471677,0.1399630103128186,1.019404024301151,24.965783562066882,7.476646895832728,1.4047270480735128,1.1985338239431018,0.24887825864304292,1.8430793486074288,0.4250912225345709,0.1676879851776631
Hawaii,2017,1584539.0,0.009718915091392511,0.0031554919127897763,1.7400013505505387,40.35697448911008,12.753425444245927,0.07188210577335111,0.11460746627252469,1.5172867313458362,0.9265786452715901,0.0,0.18857219670831707,18.141680324687496,16.446865618328108,0.08519828164532398,6.1274604159317,0.16402246962681258,0.6880865665029388,0.6170248886269128,0.047458598368358244
Iowa,2017,1843994.0,0.21236511615547554,0.0036334174623127843,0.029284260144013488,3.606031256066994,75.92080017613941,0.0926250302332871,0.20574904256738363,0.28823304197302163,0.1833520065683511,0.10997866587418396,0.04696327645317718,14.05405874422585,2.628913109261744,0.7406206310866521,1.0124761794235775,0.3111723790858322,0.030151941926058325,0.4117150055802784,0.11187671977240707
Idaho,2017,2325127.0,1.2770915309142252,0.09461848750627386,0.07203907571500395,8.089751656576178,15.201836286792075,0.1596902018685431,0.02343957985950875,1.9260453299970282,0.06730815133969026,0.0023654621876568463,0.8218475807988121,50.99721434571101,20.207240292680787,0.03823447063321702,0.4640606728148613,0.0019353781535374197,0.34832505923332363,0.11440235307576746,0.0925540841425006
Illinois,2017,11450793.0,0.014531744657335087,0.01791142325252059,0.07311284030721715,14.118891154525281,44.09422998040397,10.826787280147322,1.5916801569987336,0.7960322049311344,0.6633689037955712,0.18730580493420848,0.31180373271964656,23.215937970409563,2.2117594825092026,0.18268603755215904,0.8151749839508933,0.002296784161586014,0.03631189560408611,0.7718155415087846,0.06836207763078068
Indiana,2017,4009684.0,0.05297175538022448,0.0043145544636435185,0.14946314971454108,2.1579007223511875,72.8893349201583,0.8971031133625493,0.07923317647974254,0.890718570341204,1.0186089477375275,5.657702701759041,0.037958103431592116,11.30759930208964,1.282520019033919,0.3657146049414368,2.5778590033528825,0.025962145645392502,0.13694345988362175,0.4330765217408654,0.03501522813269076
Kansas,2017,4024214.0,0.0982303625006026,0.0166243644100438,0.17250573652395226,4.351831189891989,13.93623698938476,0.14825255316938912,1.6332381926010893,1.7499566374949247,0.09447807696111589,0.10809564302494848,0.0406539016066243,3.5721012848720273,72.48767088430188,0.38959160720577984,0.8087045072652698,0.0074051727865367,0.13187668449043713,0.21629068434233367,0.03625552716629881
Kentucky,2017,5589249.0,0.03658809976080865,0.12239569215828458,0.8391288346609715,4.731834276841129,7.88109457996951,0.1227356304934706,0.07507269760212865,4.292115094532378,0.07153018231966406,55.42474489864381,0.07024199494422237,4.192244789952997,17.536023175922203,1.5524089193378217,2.5153826569544497,0.001091380970860307,0.2906293850927021,0.14021561751856107,0.10452209232403138
Louisiana,2017,2661053.0,0.18853438845449527,0.9982514440712005,0.8847625357330351,24.87793366009621,31.743599244359284,0.3497487648686441,0.09932158435025534,9.721302055990618,0.21589197960356293,0.014918906162334985,0.3418947311459035,5.086971210269017,22.961248798877737,0.497735295012914,1.4164693450299561,0.0036827526546821874,0.24719537716836154,0.29507116167923,0.0554667644725603
Massachusetts,2017,15483163.0,0.048872442923968445,0.00034876594659631236,0.3163823825919807,3.817307871783046,48.910245277402296,2.0979175895777886,0.23838798312722018,0.9467187034070493,0.9355711103732487,1.0838612239630883,0.049369757329300226,36.12992384049693,1.1438554254062947,0.4620632102109885,2.0429998702461507,0.045378324829364644,0.04913724669823601,1.486175660619216,0.1954833130672331
Maryland,2017,32028627.0,0.011555287711833543,0.0011083834470956247,0.15605726714417073,6.404258290559879,13.662062379383293,0.7633171412561643,0.7125032240688931,2.5079095647777843,4.263642022494439,1.4593476017563913,0.2802399241153859,51.308268693503464,14.716409791777837,0.7937055809479439,1.0400820490993885,0.0144870399845738,0.9743845716521036,0.8023103831456777,0.12835080317367334
Maine,2017,2568182.0,0.04894512927822094,0.002180530819077464,0.01915752076760915,7.347804789535944,74.95243717150886,0.011992919504926052,0.006619468557913731,0.0244920336642808,0.03189026322900791,12.58232477293276,0.014679644978432212,3.077468808674775,1.2157627457867082,0.013238937115827461,0.5385911123121336,0.0010513273591980631,0.005217698745649646,0.055837164188519355,0.05030796104014435
Michigan,2017,6699526.0,0.04730185389235,0.007418435274376128,0.06633305102480384,4.9829644664413575,74.72883902532807,0.44080730487500164,0.3103204614774239,0.9130795223423268,0.7044826753415092,0.02679294027667032,0.21086566422758865,12.13423158593608,3.553937995016364,0.19477497363246293,0.9445742877928976,0.11429166779858754,0.039211729307416676,0.49413943613324285,0.08563292388148057
Minnesota,2017,5728519.0,0.0534344042500339,0.005760651225910222,0.1483629538454878,9.4002306704403,34.20540282750218,0.3869062841547702,0.1805353181162531,0.6086738998334473,1.743295256592498,42.199301425028004,0.04292557989246435,5.747593749798159,2.115258760597634,0.09854204900079759,2.2671304747352674,0.006371629386234033,0.0648160545509232,0.6877693868170813,0.037688624232545966
Missouri,2017,14627516.0,0.05134159484084653,0.02146639251667884,0.274339129077008,5.209237166447126,71.72990957589792,0.6905820509784436,0.025520395944191754,1.1264797112510423,0.07494095374771766,5.78450230374043,0.3562805879002286,5.53910862240725,6.55669766486668,0.09255843575901745,1.8968907639547277,0.02950603506432671,0.3307055005101344,0.1785949165941777,0.031338198502055985
Mississippi,2017,3808885.0,0.1717825557873236,0.07429995917440406,0.23902008067977898,7.156188753401587,55.214242488287255,0.040011709463530665,0.07324978307299906,27.1173322376496,0.09165411925012175,0.010895577052076921,0.7802020801363129,3.350796886752947,0.7649482722634051,1.9250253026804431,2.112718026404053,0.008138864785888784,0.4849975780313661,0.3411497065414157,0.04334601858549155
Montana,2017,755119.0,5.157730106115724,0.12872143331051134,0.4596626491983382,13.507804730115385,8.6979668105292,0.2396973192304789,0.12580798523146683,50.69174527458586,0.28723949470215954,6.177966651613851,0.060652691827380846,6.785553005552767,1.942872580348263,1.0702948806744368,1.2636418895564805,0.027942615667199477,2.3695602944701433,0.4223175420033134,0.5828220452670374
North Carolina,2017,5176472.0,0.06734316345186452,0.054709075988433824,0.5213009941906379,15.27824356047903,20.109159288411103,19.501679908632752,0.11024883356849993,2.7742833342863635,1.1430951427922338,0.0004829544137397053,1.0996485637322098,28.22387525712493,3.9261102928790113,1.877977896915119,3.0521366675990906,0.021790903147935504,0.6508486861321765,1.1910428569883118,0.3960226192665584
North Dakota,2017,431452.0,0.15575313128691023,0.07764479015046866,1.5517369255444406,22.115090438797363,14.507291657009356,2.6865097392062154,0.02479997774955267,0.9291879513827727,0.24359604312878375,46.012997969646676,0.1545942538219779,2.007871095741821,3.0779785468603693,0.14091949973577594,4.898111493283146,0.02248222281968794,0.2598203276378369,1.0436850449180906,0.08992889127875175
Nebraska,2017,1314909.0,0.15210178042739078,0.00973451394735301,0.3054203750982007,25.38533084799024,15.317561899720816,0.21545217197539906,0.008593750594147579,0.2807038357787497,1.06912341462413,14.743073475046561,1.0150512316821925,27.318012120990883,11.203741095391392,0.42869886813460095,1.657833355768346,0.002889933828120425,0.09848590282673553,0.6016385924805443,0.18655283369419481
New Hampshire,2017,2282252.0,0.007010619335638659,8.763274169548323e-05,0.25431021640029233,2.753070213105301,63.970630762948176,0.17806973112522193,0.188235129161898,0.6573770118286675,1.46618340130713,0.530616250966151,0.44591920611746644,24.069603181419055,3.4686791817906175,0.744615406186521,0.6237698553884496,0.02550112783338562,0.0075364157858115585,0.4550330112537967,0.15375164530472535
New Jersey,2017,9288031.0,0.006610658383892129,0.04598391198306724,1.2075002764310327,5.0156163346138705,50.92906128327952,2.819112037847419,0.09918140884758028,5.3232057472676395,1.9578746022703843,0.1851415009273763,0.4432694076925454,26.61575957272322,2.6112961939941846,1.0950652511818706,1.074544217175847,0.006513759482499573,0.14998873281107694,0.37042296693454185,0.04385213615243101
New Mexico,2017,5280766.0,0.20752671108699006,0.04895123169631072,0.10254194183192362,4.050567663857857,2.3788026206804087,0.14821713365068628,0.031756756500856125,0.8034251091602999,0.1708653630931573,0.00037873293382058586,0.015168253999514464,17.27967116891754,73.7441121231276,0.26920336935967243,0.38886403980028655,0.010528775560212287,0.19027542595146235,0.12875026085230815,0.030393317939102014
Nevada,2017,2169289.0,0.22744779510706042,0.05365813407065633,0.22085577348154162,4.623081571888301,14.861735803758744,0.4739340862374723,0.021066810369664898,15.278646598032811,1.0040616994784928,0.00041488247992775513,0.39976231843705473,38.59923689282525,10.776341925856812,10.804692228651875,0.7085270796099551,0.007882767118627348,1.107828417513757,0.6997223514248216,0.13110286365717064
New York,2017,10923761.0,0.018473490952429297,0.04527744611036437,0.6769280287256376,4.199899649946571,51.770301455698274,0.8650592044260214,0.5877920617267258,2.6232082521761506,1.3558883245431679,3.3207061194399987,0.14271641424597262,25.489737463131974,4.134766405087039,2.046126787285075,1.5076126253586104,0.03280005851464528,0.27247026001392743,0.7971521896167446,0.11308376300067349
Ohio,2017,6654686.0,0.03785302567243593,0.006236207087757409,0.584550495695815,5.184031222509973,42.40368365990522,0.7217169976164165,0.24731444879593117,0.4893393918210416,3.073803933048081,0.15730268866179412,0.26201085971599564,34.967510112423035,7.757165401943833,0.5448641754096286,1.7507663021215425,0.05253440958746964,0.07031135653883594,1.6444201875189906,0.04458512392620779
Oklahoma,2017,4405753.0,0.25033178210398993,0.07031715123385265,0.7074613579108951,7.4930664519776755,42.0336773305267,0.2812232097441686,0.01983769857275249,18.571649386608826,0.9042268143493291,0.1809679298862192,0.1487146465087807,20.586832716223537,5.18969175076315,0.6729610125669778,1.8443158297798357,0.05138735648594009,0.6066386381624208,0.33292833256880267,0.05377060402614491
Oregon,2017,1836035.0,14.890838137617202,0.04607755298782431,0.418946261917665,7.285100774222713,32.22939649843276,0.5105022507740866,0.09863646390183194,21.188757294931744,0.3663873510036574,0.0439534104742012,0.18730579754743237,8.098865217710992,8.942313191197336,0.6953026494592969,1.875563374336546,0.02064230801700403,2.1562769772907378,0.7634386054732072,0.1816958827037611
Pennsylvania,2017,13233235.0,0.02946369500730547,0.13682973211010008,0.4668548544630243,5.139189321431985,51.86972044250706,12.301965468005367,0.17395595256942087,0.9047069745228585,3.981671904111126,6.27563857212541,0.5137443716521319,13.980549729525698,2.347581675984746,0.27600205089685176,0.8368701984057564,0.012196564181018475,0.059531928511811355,0.4385397826003997,0.25498678138792213
Rhode Island,2017,312221.0,0.0051245752207570916,0.0,0.004484003318162455,5.402263140531867,43.94355280394336,0.1947338583887695,0.03747345630178624,0.2895384999727757,2.7752777679912626,0.014412867808379321,0.16590812277201086,35.74006873336515,3.6858507275295382,4.1425784940795145,2.388052052872805,0.03907488605827283,0.08647720685027592,0.7949497311199439,0.29017907187537034
South Carolina,2017,5844831.0,0.07993387661679183,0.1210813452091258,0.7814426114287991,20.12942718104253,13.239681352634491,0.628846240378892,0.15150138643871824,1.2974370003170321,1.0272837657752638,2.142234736983841,0.07052385261438697,8.012720983720488,50.131372489640846,0.5752946492379335,0.3108729747703569,0.0025150427788245716,0.6435600960917433,0.38177322834484007,0.2724971859750949
South Dakota,2017,413178.0,0.7657716528953623,0.20209207653844105,0.8112726234213826,11.031807114609201,37.37614296985803,0.5711823959649351,0.9625391477765031,0.23040916989771962,0.9973909549879229,5.717874620623556,0.11617269070473257,29.753762300993756,3.048080972365421,0.4482329649690932,6.623779581681504,0.03775612447903809,0.621039842392383,0.4283867969737014,0.25630599886731625
Tennessee,2017,6653275.0,0.060045616632410356,0.050381203242012396,0.9910758235605773,5.00879641980829,14.156411691986278,0.41298458278066064,0.028782817484622237,12.529558751141357,0.4565571090928903,1.9808740808098266,0.28821895983556967,21.388353855807853,36.142020283243966,0.3118614516910844,2.0878289263558174,0.0025551326226557597,0.19560291736024743,0.2546565413273914,3.653433835216491
Texas,2017,48601343.0,0.0175118617606925,0.037192387872903014,0.2016508062338936,2.3626322424876203,73.00463487192114,0.2537995709295523,0.0980837093328882,5.346292591132718,0.773028021056949,0.889179132354429,0.37748545343695544,7.345037769841052,6.254995875319741,0.4064764218552562,2.111219436878524,0.01412923918583896,0.2680337454872389,0.2176483065498828,0.02096855636273261
Utah,2017,2348427.0,0.9128237752333797,0.04969283695000951,0.060082770296883824,11.7505887983744,33.2175962889202,0.2606425492467937,0.20980000655758088,0.5963566250941588,1.2408305644586781,0.7644265714880641,5.986730692501832,23.149793457493036,8.311009880230468,11.366714826562632,1.3210970577326866,0.030914309876355534,0.19774938714296847,0.5188153602390025,0.054334241600867306
Virginia,2017,84950096.0,0.003957617658254324,0.008825181315863375,0.11893806453143972,2.4343574608791494,13.978621048291693,2.3880773483763926,0.37666231713263754,2.09551970370934,7.48718047358063,0.38106372475435457,0.28916624178976796,60.14119395462484,8.037243418771416,0.828718310100556,0.5264349554119397,0.009726887183270517,0.10176798387608649,0.703370600075602,0.08917470793676326
Vermont,2017,649104.0,0.05838817816559441,0.013865266582858832,0.0015405851758732037,1.6493504892898518,72.19105104883039,0.3175146047474673,0.150515171682812,0.04606349675860879,0.6533621730878257,0.0,0.01309497399492223,19.740134092533708,0.23694200004929872,4.227827898148833,0.3651186866819493,0.006778574773842096,0.1234008725874436,0.1247873992457295,0.08026448766299392
Washington,2017,13063203.0,0.3229376440066039,0.02490200910144319,0.12745725531479532,6.819575566574293,64.0012943226864,1.2079579564062506,0.03635402435375153,1.541742863522828,0.5686583910546288,1.121868809663296,0.10508142604842012,13.720578329832279,9.069230570787273,0.1413053138652136,0.40682212471168056,0.030375398744090554,0.31028377956003594,0.382348800673158,0.06122541309355753
Wisconsin,2017,3782641.0,0.11975759793223836,0.017500999962724455,0.4129390021416253,4.10792353807829,67.06666056863445,0.5317713206196412,0.5495366861407149,0.23036814754559048,0.40307816681519604,10.208105923876994,0.2915952108592912,5.985923591480133,1.8003823254704847,0.6211797524533785,5.5097747843371865,0.0053666208344910335,1.3443253007620866,0.7136812613198027,0.08012920073567648
West Virginia,2017,663448.0,0.08817571233917353,0.11289505733682217,5.064300442536567,5.682284067477783,26.97091558042228,0.21930882299743157,0.1119906910564204,0.19549384428018476,1.6561961148424595,0.0,0.19911130940179186,42.80184731885544,5.459056323931943,3.062033497727026,6.116982792924238,0.0134147664926264,0.1828327163545598,1.81913277302818,0.24402816799508026
Wyoming,2017,133557.0,2.1990610750466093,0.6057338814139281,1.4203673337975546,20.383806165157946,8.3140531757976,0.10482415747583428,0.06289449448550058,10.76094850887636,3.449463524936918,0.0,1.790995604872826,34.90794192741676,11.019265182656095,0.26430662563549645,2.473850116429689,0.036688455116542,1.3619653032038754,0.6813570235929229,0.16247744408754314
United States,2017,0.0,,,,,,,,,,,,,,,,,,,
